000
1111000000
0000000000
0000000000
0000000000

001
0111100000
0000000000
0000000000
0000000000

002
0011110000
0000000000
0000000000
0000000000

003
0001111000
0000000000
0000000000
0000000000

004
0000111100
0000000000
0000000000
0000000000

005
0000011110
0000000000
0000000000
0000000000

006
0000001111
0000000000
0000000000
0000000000

007
0000000000
1111000000
0000000000
0000000000

008
0000000000
0111100000
0000000000
0000000000

009
0000000000
0011110000
0000000000
0000000000

010
0000000000
0001111000
0000000000
0000000000

011
0000000000
0000111100
0000000000
0000000000

012
0000000000
0000011110
0000000000
0000000000

013
0000000000
0000001111
0000000000
0000000000

014
0000000000
0000000000
1111000000
0000000000

015
0000000000
0000000000
0111100000
0000000000

016
0000000000
0000000000
0011110000
0000000000

017
0000000000
0000000000
0001111000
0000000000

018
0000000000
0000000000
0000111100
0000000000

019
0000000000
0000000000
0000011110
0000000000

020
0000000000
0000000000
0000001111
0000000000

021
0000000000
0000000000
0000000000
1111000000

022
0000000000
0000000000
0000000000
0111100000

023
0000000000
0000000000
0000000000
0011110000

024
0000000000
0000000000
0000000000
0001111000

025
0000000000
0000000000
0000000000
0000111100

026
0000000000
0000000000
0000000000
0000011110

027
0000000000
0000000000
0000000000
0000001111

028
1000000000
1000000000
1000000000
1000000000

029
0100000000
0100000000
0100000000
0100000000

030
0010000000
0010000000
0010000000
0010000000

031
0001000000
0001000000
0001000000
0001000000

032
0000100000
0000100000
0000100000
0000100000

033
0000010000
0000010000
0000010000
0000010000

034
0000001000
0000001000
0000001000
0000001000

035
0000000100
0000000100
0000000100
0000000100

036
0000000010
0000000010
0000000010
0000000010

037
0000000001
0000000001
0000000001
0000000001

038
0010000000
1110000000
0000000000
0000000000

039
0001000000
0111000000
0000000000
0000000000

040
0000100000
0011100000
0000000000
0000000000

041
0000010000
0001110000
0000000000
0000000000

042
0000001000
0000111000
0000000000
0000000000

043
0000000100
0000011100
0000000000
0000000000

044
0000000010
0000001110
0000000000
0000000000

045
0000000001
0000000111
0000000000
0000000000

046
0000000000
0010000000
1110000000
0000000000

047
0000000000
0001000000
0111000000
0000000000

048
0000000000
0000100000
0011100000
0000000000

049
0000000000
0000010000
0001110000
0000000000

050
0000000000
0000001000
0000111000
0000000000

051
0000000000
0000000100
0000011100
0000000000

052
0000000000
0000000010
0000001110
0000000000

053
0000000000
0000000001
0000000111
0000000000

054
0000000000
0000000000
0010000000
1110000000

055
0000000000
0000000000
0001000000
0111000000

056
0000000000
0000000000
0000100000
0011100000

057
0000000000
0000000000
0000010000
0001110000

058
0000000000
0000000000
0000001000
0000111000

059
0000000000
0000000000
0000000100
0000011100

060
0000000000
0000000000
0000000010
0000001110

061
0000000000
0000000000
0000000001
0000000111

062
1000000000
1000000000
1100000000
0000000000

063
0100000000
0100000000
0110000000
0000000000

064
0010000000
0010000000
0011000000
0000000000

065
0001000000
0001000000
0001100000
0000000000

066
0000100000
0000100000
0000110000
0000000000

067
0000010000
0000010000
0000011000
0000000000

068
0000001000
0000001000
0000001100
0000000000

069
0000000100
0000000100
0000000110
0000000000

070
0000000010
0000000010
0000000011
0000000000

071
0000000000
1000000000
1000000000
1100000000

072
0000000000
0100000000
0100000000
0110000000

073
0000000000
0010000000
0010000000
0011000000

074
0000000000
0001000000
0001000000
0001100000

075
0000000000
0000100000
0000100000
0000110000

076
0000000000
0000010000
0000010000
0000011000

077
0000000000
0000001000
0000001000
0000001100

078
0000000000
0000000100
0000000100
0000000110

079
0000000000
0000000010
0000000010
0000000011

080
1110000000
1000000000
0000000000
0000000000

081
0111000000
0100000000
0000000000
0000000000

082
0011100000
0010000000
0000000000
0000000000

083
0001110000
0001000000
0000000000
0000000000

084
0000111000
0000100000
0000000000
0000000000

085
0000011100
0000010000
0000000000
0000000000

086
0000001110
0000001000
0000000000
0000000000

087
0000000111
0000000100
0000000000
0000000000

088
0000000000
1110000000
1000000000
0000000000

089
0000000000
0111000000
0100000000
0000000000

090
0000000000
0011100000
0010000000
0000000000

091
0000000000
0001110000
0001000000
0000000000

092
0000000000
0000111000
0000100000
0000000000

093
0000000000
0000011100
0000010000
0000000000

094
0000000000
0000001110
0000001000
0000000000

095
0000000000
0000000111
0000000100
0000000000

096
0000000000
0000000000
1110000000
1000000000

097
0000000000
0000000000
0111000000
0100000000

098
0000000000
0000000000
0011100000
0010000000

099
0000000000
0000000000
0001110000
0001000000

100
0000000000
0000000000
0000111000
0000100000

101
0000000000
0000000000
0000011100
0000010000

102
0000000000
0000000000
0000001110
0000001000

103
0000000000
0000000000
0000000111
0000000100

104
1100000000
0100000000
0100000000
0000000000

105
0110000000
0010000000
0010000000
0000000000

106
0011000000
0001000000
0001000000
0000000000

107
0001100000
0000100000
0000100000
0000000000

108
0000110000
0000010000
0000010000
0000000000

109
0000011000
0000001000
0000001000
0000000000

110
0000001100
0000000100
0000000100
0000000000

111
0000000110
0000000010
0000000010
0000000000

112
0000000011
0000000001
0000000001
0000000000

113
0000000000
1100000000
0100000000
0100000000

114
0000000000
0110000000
0010000000
0010000000

115
0000000000
0011000000
0001000000
0001000000

116
0000000000
0001100000
0000100000
0000100000

117
0000000000
0000110000
0000010000
0000010000

118
0000000000
0000011000
0000001000
0000001000

119
0000000000
0000001100
0000000100
0000000100

120
0000000000
0000000110
0000000010
0000000010

121
0000000000
0000000011
0000000001
0000000001

122
1000000000
1110000000
0000000000
0000000000

123
0100000000
0111000000
0000000000
0000000000

124
0010000000
0011100000
0000000000
0000000000

125
0001000000
0001110000
0000000000
0000000000

126
0000100000
0000111000
0000000000
0000000000

127
0000010000
0000011100
0000000000
0000000000

128
0000001000
0000001110
0000000000
0000000000

129
0000000100
0000000111
0000000000
0000000000

130
0000000000
1000000000
1110000000
0000000000

131
0000000000
0100000000
0111000000
0000000000

132
0000000000
0010000000
0011100000
0000000000

133
0000000000
0001000000
0001110000
0000000000

134
0000000000
0000100000
0000111000
0000000000

135
0000000000
0000010000
0000011100
0000000000

136
0000000000
0000001000
0000001110
0000000000

137
0000000000
0000000100
0000000111
0000000000

138
0000000000
0000000000
1000000000
1110000000

139
0000000000
0000000000
0100000000
0111000000

140
0000000000
0000000000
0010000000
0011100000

141
0000000000
0000000000
0001000000
0001110000

142
0000000000
0000000000
0000100000
0000111000

143
0000000000
0000000000
0000010000
0000011100

144
0000000000
0000000000
0000001000
0000001110

145
0000000000
0000000000
0000000100
0000000111

146
1100000000
1000000000
1000000000
0000000000

147
0110000000
0100000000
0100000000
0000000000

148
0011000000
0010000000
0010000000
0000000000

149
0001100000
0001000000
0001000000
0000000000

150
0000110000
0000100000
0000100000
0000000000

151
0000011000
0000010000
0000010000
0000000000

152
0000001100
0000001000
0000001000
0000000000

153
0000000110
0000000100
0000000100
0000000000

154
0000000011
0000000010
0000000010
0000000000

155
0000000000
1100000000
1000000000
1000000000

156
0000000000
0110000000
0100000000
0100000000

157
0000000000
0011000000
0010000000
0010000000

158
0000000000
0001100000
0001000000
0001000000

159
0000000000
0000110000
0000100000
0000100000

160
0000000000
0000011000
0000010000
0000010000

161
0000000000
0000001100
0000001000
0000001000

162
0000000000
0000000110
0000000100
0000000100

163
0000000000
0000000011
0000000010
0000000010

164
1110000000
0010000000
0000000000
0000000000

165
0111000000
0001000000
0000000000
0000000000

166
0011100000
0000100000
0000000000
0000000000

167
0001110000
0000010000
0000000000
0000000000

168
0000111000
0000001000
0000000000
0000000000

169
0000011100
0000000100
0000000000
0000000000

170
0000001110
0000000010
0000000000
0000000000

171
0000000111
0000000001
0000000000
0000000000

172
0000000000
1110000000
0010000000
0000000000

173
0000000000
0111000000
0001000000
0000000000

174
0000000000
0011100000
0000100000
0000000000

175
0000000000
0001110000
0000010000
0000000000

176
0000000000
0000111000
0000001000
0000000000

177
0000000000
0000011100
0000000100
0000000000

178
0000000000
0000001110
0000000010
0000000000

179
0000000000
0000000111
0000000001
0000000000

180
0000000000
0000000000
1110000000
0010000000

181
0000000000
0000000000
0111000000
0001000000

182
0000000000
0000000000
0011100000
0000100000

183
0000000000
0000000000
0001110000
0000010000

184
0000000000
0000000000
0000111000
0000001000

185
0000000000
0000000000
0000011100
0000000100

186
0000000000
0000000000
0000001110
0000000010

187
0000000000
0000000000
0000000111
0000000001

188
0100000000
0100000000
1100000000
0000000000

189
0010000000
0010000000
0110000000
0000000000

190
0001000000
0001000000
0011000000
0000000000

191
0000100000
0000100000
0001100000
0000000000

192
0000010000
0000010000
0000110000
0000000000

193
0000001000
0000001000
0000011000
0000000000

194
0000000100
0000000100
0000001100
0000000000

195
0000000010
0000000010
0000000110
0000000000

196
0000000001
0000000001
0000000011
0000000000

197
0000000000
0100000000
0100000000
1100000000

198
0000000000
0010000000
0010000000
0110000000

199
0000000000
0001000000
0001000000
0011000000

200
0000000000
0000100000
0000100000
0001100000

201
0000000000
0000010000
0000010000
0000110000

202
0000000000
0000001000
0000001000
0000011000

203
0000000000
0000000100
0000000100
0000001100

204
0000000000
0000000010
0000000010
0000000110

205
0000000000
0000000001
0000000001
0000000011

206
1100000000
1100000000
0000000000
0000000000

207
0110000000
0110000000
0000000000
0000000000

208
0011000000
0011000000
0000000000
0000000000

209
0001100000
0001100000
0000000000
0000000000

210
0000110000
0000110000
0000000000
0000000000

211
0000011000
0000011000
0000000000
0000000000

212
0000001100
0000001100
0000000000
0000000000

213
0000000110
0000000110
0000000000
0000000000

214
0000000011
0000000011
0000000000
0000000000

215
0000000000
1100000000
1100000000
0000000000

216
0000000000
0110000000
0110000000
0000000000

217
0000000000
0011000000
0011000000
0000000000

218
0000000000
0001100000
0001100000
0000000000

219
0000000000
0000110000
0000110000
0000000000

220
0000000000
0000011000
0000011000
0000000000

221
0000000000
0000001100
0000001100
0000000000

222
0000000000
0000000110
0000000110
0000000000

223
0000000000
0000000011
0000000011
0000000000

224
0000000000
0000000000
1100000000
1100000000

225
0000000000
0000000000
0110000000
0110000000

226
0000000000
0000000000
0011000000
0011000000

227
0000000000
0000000000
0001100000
0001100000

228
0000000000
0000000000
0000110000
0000110000

229
0000000000
0000000000
0000011000
0000011000

230
0000000000
0000000000
0000001100
0000001100

231
0000000000
0000000000
0000000110
0000000110

232
0000000000
0000000000
0000000011
0000000011

233
0110000000
1100000000
0000000000
0000000000

234
0011000000
0110000000
0000000000
0000000000

235
0001100000
0011000000
0000000000
0000000000

236
0000110000
0001100000
0000000000
0000000000

237
0000011000
0000110000
0000000000
0000000000

238
0000001100
0000011000
0000000000
0000000000

239
0000000110
0000001100
0000000000
0000000000

240
0000000011
0000000110
0000000000
0000000000

241
0000000000
0110000000
1100000000
0000000000

242
0000000000
0011000000
0110000000
0000000000

243
0000000000
0001100000
0011000000
0000000000

244
0000000000
0000110000
0001100000
0000000000

245
0000000000
0000011000
0000110000
0000000000

246
0000000000
0000001100
0000011000
0000000000

247
0000000000
0000000110
0000001100
0000000000

248
0000000000
0000000011
0000000110
0000000000

249
0000000000
0000000000
0110000000
1100000000

250
0000000000
0000000000
0011000000
0110000000

251
0000000000
0000000000
0001100000
0011000000

252
0000000000
0000000000
0000110000
0001100000

253
0000000000
0000000000
0000011000
0000110000

254
0000000000
0000000000
0000001100
0000011000

255
0000000000
0000000000
0000000110
0000001100

256
0000000000
0000000000
0000000011
0000000110

257
1000000000
1100000000
0100000000
0000000000

258
0100000000
0110000000
0010000000
0000000000

259
0010000000
0011000000
0001000000
0000000000

260
0001000000
0001100000
0000100000
0000000000

261
0000100000
0000110000
0000010000
0000000000

262
0000010000
0000011000
0000001000
0000000000

263
0000001000
0000001100
0000000100
0000000000

264
0000000100
0000000110
0000000010
0000000000

265
0000000010
0000000011
0000000001
0000000000

266
0000000000
1000000000
1100000000
0100000000

267
0000000000
0100000000
0110000000
0010000000

268
0000000000
0010000000
0011000000
0001000000

269
0000000000
0001000000
0001100000
0000100000

270
0000000000
0000100000
0000110000
0000010000

271
0000000000
0000010000
0000011000
0000001000

272
0000000000
0000001000
0000001100
0000000100

273
0000000000
0000000100
0000000110
0000000010

274
0000000000
0000000010
0000000011
0000000001

275
0100000000
1110000000
0000000000
0000000000

276
0010000000
0111000000
0000000000
0000000000

277
0001000000
0011100000
0000000000
0000000000

278
0000100000
0001110000
0000000000
0000000000

279
0000010000
0000111000
0000000000
0000000000

280
0000001000
0000011100
0000000000
0000000000

281
0000000100
0000001110
0000000000
0000000000

282
0000000010
0000000111
0000000000
0000000000

283
0000000000
0100000000
1110000000
0000000000

284
0000000000
0010000000
0111000000
0000000000

285
0000000000
0001000000
0011100000
0000000000

286
0000000000
0000100000
0001110000
0000000000

287
0000000000
0000010000
0000111000
0000000000

288
0000000000
0000001000
0000011100
0000000000

289
0000000000
0000000100
0000001110
0000000000

290
0000000000
0000000010
0000000111
0000000000

291
0000000000
0000000000
0100000000
1110000000

292
0000000000
0000000000
0010000000
0111000000

293
0000000000
0000000000
0001000000
0011100000

294
0000000000
0000000000
0000100000
0001110000

295
0000000000
0000000000
0000010000
0000111000

296
0000000000
0000000000
0000001000
0000011100

297
0000000000
0000000000
0000000100
0000001110

298
0000000000
0000000000
0000000010
0000000111

299
1000000000
1100000000
1000000000
0000000000

300
0100000000
0110000000
0100000000
0000000000

301
0010000000
0011000000
0010000000
0000000000

302
0001000000
0001100000
0001000000
0000000000

303
0000100000
0000110000
0000100000
0000000000

304
0000010000
0000011000
0000010000
0000000000

305
0000001000
0000001100
0000001000
0000000000

306
0000000100
0000000110
0000000100
0000000000

307
0000000010
0000000011
0000000010
0000000000

308
0000000000
1000000000
1100000000
1000000000

309
0000000000
0100000000
0110000000
0100000000

310
0000000000
0010000000
0011000000
0010000000

311
0000000000
0001000000
0001100000
0001000000

312
0000000000
0000100000
0000110000
0000100000

313
0000000000
0000010000
0000011000
0000010000

314
0000000000
0000001000
0000001100
0000001000

315
0000000000
0000000100
0000000110
0000000100

316
0000000000
0000000010
0000000011
0000000010

317
1110000000
0100000000
0000000000
0000000000

318
0111000000
0010000000
0000000000
0000000000

319
0011100000
0001000000
0000000000
0000000000

320
0001110000
0000100000
0000000000
0000000000

321
0000111000
0000010000
0000000000
0000000000

322
0000011100
0000001000
0000000000
0000000000

323
0000001110
0000000100
0000000000
0000000000

324
0000000111
0000000010
0000000000
0000000000

325
0000000000
1110000000
0100000000
0000000000

326
0000000000
0111000000
0010000000
0000000000

327
0000000000
0011100000
0001000000
0000000000

328
0000000000
0001110000
0000100000
0000000000

329
0000000000
0000111000
0000010000
0000000000

330
0000000000
0000011100
0000001000
0000000000

331
0000000000
0000001110
0000000100
0000000000

332
0000000000
0000000111
0000000010
0000000000

333
0000000000
0000000000
1110000000
0100000000

334
0000000000
0000000000
0111000000
0010000000

335
0000000000
0000000000
0011100000
0001000000

336
0000000000
0000000000
0001110000
0000100000

337
0000000000
0000000000
0000111000
0000010000

338
0000000000
0000000000
0000011100
0000001000

339
0000000000
0000000000
0000001110
0000000100

340
0000000000
0000000000
0000000111
0000000010

341
0100000000
1100000000
0100000000
0000000000

342
0010000000
0110000000
0010000000
0000000000

343
0001000000
0011000000
0001000000
0000000000

344
0000100000
0001100000
0000100000
0000000000

345
0000010000
0000110000
0000010000
0000000000

346
0000001000
0000011000
0000001000
0000000000

347
0000000100
0000001100
0000000100
0000000000

348
0000000010
0000000110
0000000010
0000000000

349
0000000001
0000000011
0000000001
0000000000

350
0000000000
0100000000
1100000000
0100000000

351
0000000000
0010000000
0110000000
0010000000

352
0000000000
0001000000
0011000000
0001000000

353
0000000000
0000100000
0001100000
0000100000

354
0000000000
0000010000
0000110000
0000010000

355
0000000000
0000001000
0000011000
0000001000

356
0000000000
0000000100
0000001100
0000000100

357
0000000000
0000000010
0000000110
0000000010

358
0000000000
0000000001
0000000011
0000000001

359
1100000000
0110000000
0000000000
0000000000

360
0110000000
0011000000
0000000000
0000000000

361
0011000000
0001100000
0000000000
0000000000

362
0001100000
0000110000
0000000000
0000000000

363
0000110000
0000011000
0000000000
0000000000

364
0000011000
0000001100
0000000000
0000000000

365
0000001100
0000000110
0000000000
0000000000

366
0000000110
0000000011
0000000000
0000000000

367
0000000000
1100000000
0110000000
0000000000

368
0000000000
0110000000
0011000000
0000000000

369
0000000000
0011000000
0001100000
0000000000

370
0000000000
0001100000
0000110000
0000000000

371
0000000000
0000110000
0000011000
0000000000

372
0000000000
0000011000
0000001100
0000000000

373
0000000000
0000001100
0000000110
0000000000

374
0000000000
0000000110
0000000011
0000000000

375
0000000000
0000000000
1100000000
0110000000

376
0000000000
0000000000
0110000000
0011000000

377
0000000000
0000000000
0011000000
0001100000

378
0000000000
0000000000
0001100000
0000110000

379
0000000000
0000000000
0000110000
0000011000

380
0000000000
0000000000
0000011000
0000001100

381
0000000000
0000000000
0000001100
0000000110

382
0000000000
0000000000
0000000110
0000000011

383
0100000000
1100000000
1000000000
0000000000

384
0010000000
0110000000
0100000000
0000000000

385
0001000000
0011000000
0010000000
0000000000

386
0000100000
0001100000
0001000000
0000000000

387
0000010000
0000110000
0000100000
0000000000

388
0000001000
0000011000
0000010000
0000000000

389
0000000100
0000001100
0000001000
0000000000

390
0000000010
0000000110
0000000100
0000000000

391
0000000001
0000000011
0000000010
0000000000

392
0000000000
0100000000
1100000000
1000000000

393
0000000000
0010000000
0110000000
0100000000

394
0000000000
0001000000
0011000000
0010000000

395
0000000000
0000100000
0001100000
0001000000

396
0000000000
0000010000
0000110000
0000100000

397
0000000000
0000001000
0000011000
0000010000

398
0000000000
0000000100
0000001100
0000001000

399
0000000000
0000000010
0000000110
0000000100

400
0000000000
0000000001
0000000011
0000000010

401
0010000000
0000000000
1110000000
0000000000

402
0001000000
0000000000
0111000000
0000000000

403
0000100000
0000000000
0011100000
0000000000

404
0000010000
0000000000
0001110000
0000000000

405
0000001000
0000000000
0000111000
0000000000

406
0000000100
0000000000
0000011100
0000000000

407
0000000010
0000000000
0000001110
0000000000

408
0000000001
0000000000
0000000111
0000000000

409
0010000000
0000000000
0000000000
1110000000

410
0001000000
0000000000
0000000000
0111000000

411
0000100000
0000000000
0000000000
0011100000

412
0000010000
0000000000
0000000000
0001110000

413
0000001000
0000000000
0000000000
0000111000

414
0000000100
0000000000
0000000000
0000011100

415
0000000010
0000000000
0000000000
0000001110

416
0000000001
0000000000
0000000000
0000000111

417
0000000000
0010000000
0000000000
1110000000

418
0000000000
0001000000
0000000000
0111000000

419
0000000000
0000100000
0000000000
0011100000

420
0000000000
0000010000
0000000000
0001110000

421
0000000000
0000001000
0000000000
0000111000

422
0000000000
0000000100
0000000000
0000011100

423
0000000000
0000000010
0000000000
0000001110

424
0000000000
0000000001
0000000000
0000000111

425
1000000000
0000000000
1000000000
1100000000

426
0100000000
0000000000
0100000000
0110000000

427
0010000000
0000000000
0010000000
0011000000

428
0001000000
0000000000
0001000000
0001100000

429
0000100000
0000000000
0000100000
0000110000

430
0000010000
0000000000
0000010000
0000011000

431
0000001000
0000000000
0000001000
0000001100

432
0000000100
0000000000
0000000100
0000000110

433
0000000010
0000000000
0000000010
0000000011

434
1000000000
1000000000
0000000000
1100000000

435
0100000000
0100000000
0000000000
0110000000

436
0010000000
0010000000
0000000000
0011000000

437
0001000000
0001000000
0000000000
0001100000

438
0000100000
0000100000
0000000000
0000110000

439
0000010000
0000010000
0000000000
0000011000

440
0000001000
0000001000
0000000000
0000001100

441
0000000100
0000000100
0000000000
0000000110

442
0000000010
0000000010
0000000000
0000000011

443
1110000000
0000000000
1000000000
0000000000

444
0111000000
0000000000
0100000000
0000000000

445
0011100000
0000000000
0010000000
0000000000

446
0001110000
0000000000
0001000000
0000000000

447
0000111000
0000000000
0000100000
0000000000

448
0000011100
0000000000
0000010000
0000000000

449
0000001110
0000000000
0000001000
0000000000

450
0000000111
0000000000
0000000100
0000000000

451
1110000000
0000000000
0000000000
1000000000

452
0111000000
0000000000
0000000000
0100000000

453
0011100000
0000000000
0000000000
0010000000

454
0001110000
0000000000
0000000000
0001000000

455
0000111000
0000000000
0000000000
0000100000

456
0000011100
0000000000
0000000000
0000010000

457
0000001110
0000000000
0000000000
0000001000

458
0000000111
0000000000
0000000000
0000000100

459
0000000000
1110000000
0000000000
1000000000

460
0000000000
0111000000
0000000000
0100000000

461
0000000000
0011100000
0000000000
0010000000

462
0000000000
0001110000
0000000000
0001000000

463
0000000000
0000111000
0000000000
0000100000

464
0000000000
0000011100
0000000000
0000010000

465
0000000000
0000001110
0000000000
0000001000

466
0000000000
0000000111
0000000000
0000000100

467
1100000000
0000000000
0100000000
0100000000

468
0110000000
0000000000
0010000000
0010000000

469
0011000000
0000000000
0001000000
0001000000

470
0001100000
0000000000
0000100000
0000100000

471
0000110000
0000000000
0000010000
0000010000

472
0000011000
0000000000
0000001000
0000001000

473
0000001100
0000000000
0000000100
0000000100

474
0000000110
0000000000
0000000010
0000000010

475
0000000011
0000000000
0000000001
0000000001

476
1100000000
0100000000
0000000000
0100000000

477
0110000000
0010000000
0000000000
0010000000

478
0011000000
0001000000
0000000000
0001000000

479
0001100000
0000100000
0000000000
0000100000

480
0000110000
0000010000
0000000000
0000010000

481
0000011000
0000001000
0000000000
0000001000

482
0000001100
0000000100
0000000000
0000000100

483
0000000110
0000000010
0000000000
0000000010

484
0000000011
0000000001
0000000000
0000000001

485
1000000000
0000000000
1110000000
0000000000

486
0100000000
0000000000
0111000000
0000000000

487
0010000000
0000000000
0011100000
0000000000

488
0001000000
0000000000
0001110000
0000000000

489
0000100000
0000000000
0000111000
0000000000

490
0000010000
0000000000
0000011100
0000000000

491
0000001000
0000000000
0000001110
0000000000

492
0000000100
0000000000
0000000111
0000000000

493
1000000000
0000000000
0000000000
1110000000

494
0100000000
0000000000
0000000000
0111000000

495
0010000000
0000000000
0000000000
0011100000

496
0001000000
0000000000
0000000000
0001110000

497
0000100000
0000000000
0000000000
0000111000

498
0000010000
0000000000
0000000000
0000011100

499
0000001000
0000000000
0000000000
0000001110

500
0000000100
0000000000
0000000000
0000000111

501
0000000000
1000000000
0000000000
1110000000

502
0000000000
0100000000
0000000000
0111000000

503
0000000000
0010000000
0000000000
0011100000

504
0000000000
0001000000
0000000000
0001110000

505
0000000000
0000100000
0000000000
0000111000

506
0000000000
0000010000
0000000000
0000011100

507
0000000000
0000001000
0000000000
0000001110

508
0000000000
0000000100
0000000000
0000000111

509
1100000000
0000000000
1000000000
1000000000

510
0110000000
0000000000
0100000000
0100000000

511
0011000000
0000000000
0010000000
0010000000

512
0001100000
0000000000
0001000000
0001000000

513
0000110000
0000000000
0000100000
0000100000

514
0000011000
0000000000
0000010000
0000010000

515
0000001100
0000000000
0000001000
0000001000

516
0000000110
0000000000
0000000100
0000000100

517
0000000011
0000000000
0000000010
0000000010

518
1100000000
1000000000
0000000000
1000000000

519
0110000000
0100000000
0000000000
0100000000

520
0011000000
0010000000
0000000000
0010000000

521
0001100000
0001000000
0000000000
0001000000

522
0000110000
0000100000
0000000000
0000100000

523
0000011000
0000010000
0000000000
0000010000

524
0000001100
0000001000
0000000000
0000001000

525
0000000110
0000000100
0000000000
0000000100

526
0000000011
0000000010
0000000000
0000000010

527
1110000000
0000000000
0010000000
0000000000

528
0111000000
0000000000
0001000000
0000000000

529
0011100000
0000000000
0000100000
0000000000

530
0001110000
0000000000
0000010000
0000000000

531
0000111000
0000000000
0000001000
0000000000

532
0000011100
0000000000
0000000100
0000000000

533
0000001110
0000000000
0000000010
0000000000

534
0000000111
0000000000
0000000001
0000000000

535
1110000000
0000000000
0000000000
0010000000

536
0111000000
0000000000
0000000000
0001000000

537
0011100000
0000000000
0000000000
0000100000

538
0001110000
0000000000
0000000000
0000010000

539
0000111000
0000000000
0000000000
0000001000

540
0000011100
0000000000
0000000000
0000000100

541
0000001110
0000000000
0000000000
0000000010

542
0000000111
0000000000
0000000000
0000000001

543
0000000000
1110000000
0000000000
0010000000

544
0000000000
0111000000
0000000000
0001000000

545
0000000000
0011100000
0000000000
0000100000

546
0000000000
0001110000
0000000000
0000010000

547
0000000000
0000111000
0000000000
0000001000

548
0000000000
0000011100
0000000000
0000000100

549
0000000000
0000001110
0000000000
0000000010

550
0000000000
0000000111
0000000000
0000000001

551
0100000000
0000000000
0100000000
1100000000

552
0010000000
0000000000
0010000000
0110000000

553
0001000000
0000000000
0001000000
0011000000

554
0000100000
0000000000
0000100000
0001100000

555
0000010000
0000000000
0000010000
0000110000

556
0000001000
0000000000
0000001000
0000011000

557
0000000100
0000000000
0000000100
0000001100

558
0000000010
0000000000
0000000010
0000000110

559
0000000001
0000000000
0000000001
0000000011

560
0100000000
0100000000
0000000000
1100000000

561
0010000000
0010000000
0000000000
0110000000

562
0001000000
0001000000
0000000000
0011000000

563
0000100000
0000100000
0000000000
0001100000

564
0000010000
0000010000
0000000000
0000110000

565
0000001000
0000001000
0000000000
0000011000

566
0000000100
0000000100
0000000000
0000001100

567
0000000010
0000000010
0000000000
0000000110

568
0000000001
0000000001
0000000000
0000000011

569
1100000000
0000000000
1100000000
0000000000

570
0110000000
0000000000
0110000000
0000000000

571
0011000000
0000000000
0011000000
0000000000

572
0001100000
0000000000
0001100000
0000000000

573
0000110000
0000000000
0000110000
0000000000

574
0000011000
0000000000
0000011000
0000000000

575
0000001100
0000000000
0000001100
0000000000

576
0000000110
0000000000
0000000110
0000000000

577
0000000011
0000000000
0000000011
0000000000

578
1100000000
0000000000
0000000000
1100000000

579
0110000000
0000000000
0000000000
0110000000

580
0011000000
0000000000
0000000000
0011000000

581
0001100000
0000000000
0000000000
0001100000

582
0000110000
0000000000
0000000000
0000110000

583
0000011000
0000000000
0000000000
0000011000

584
0000001100
0000000000
0000000000
0000001100

585
0000000110
0000000000
0000000000
0000000110

586
0000000011
0000000000
0000000000
0000000011

587
0000000000
1100000000
0000000000
1100000000

588
0000000000
0110000000
0000000000
0110000000

589
0000000000
0011000000
0000000000
0011000000

590
0000000000
0001100000
0000000000
0001100000

591
0000000000
0000110000
0000000000
0000110000

592
0000000000
0000011000
0000000000
0000011000

593
0000000000
0000001100
0000000000
0000001100

594
0000000000
0000000110
0000000000
0000000110

595
0000000000
0000000011
0000000000
0000000011

596
0110000000
0000000000
1100000000
0000000000

597
0011000000
0000000000
0110000000
0000000000

598
0001100000
0000000000
0011000000
0000000000

599
0000110000
0000000000
0001100000
0000000000

600
0000011000
0000000000
0000110000
0000000000

601
0000001100
0000000000
0000011000
0000000000

602
0000000110
0000000000
0000001100
0000000000

603
0000000011
0000000000
0000000110
0000000000

604
0110000000
0000000000
0000000000
1100000000

605
0011000000
0000000000
0000000000
0110000000

606
0001100000
0000000000
0000000000
0011000000

607
0000110000
0000000000
0000000000
0001100000

608
0000011000
0000000000
0000000000
0000110000

609
0000001100
0000000000
0000000000
0000011000

610
0000000110
0000000000
0000000000
0000001100

611
0000000011
0000000000
0000000000
0000000110

612
0000000000
0110000000
0000000000
1100000000

613
0000000000
0011000000
0000000000
0110000000

614
0000000000
0001100000
0000000000
0011000000

615
0000000000
0000110000
0000000000
0001100000

616
0000000000
0000011000
0000000000
0000110000

617
0000000000
0000001100
0000000000
0000011000

618
0000000000
0000000110
0000000000
0000001100

619
0000000000
0000000011
0000000000
0000000110

620
1000000000
0000000000
1100000000
0100000000

621
0100000000
0000000000
0110000000
0010000000

622
0010000000
0000000000
0011000000
0001000000

623
0001000000
0000000000
0001100000
0000100000

624
0000100000
0000000000
0000110000
0000010000

625
0000010000
0000000000
0000011000
0000001000

626
0000001000
0000000000
0000001100
0000000100

627
0000000100
0000000000
0000000110
0000000010

628
0000000010
0000000000
0000000011
0000000001

629
1000000000
1100000000
0000000000
0100000000

630
0100000000
0110000000
0000000000
0010000000

631
0010000000
0011000000
0000000000
0001000000

632
0001000000
0001100000
0000000000
0000100000

633
0000100000
0000110000
0000000000
0000010000

634
0000010000
0000011000
0000000000
0000001000

635
0000001000
0000001100
0000000000
0000000100

636
0000000100
0000000110
0000000000
0000000010

637
0000000010
0000000011
0000000000
0000000001

638
0100000000
0000000000
1110000000
0000000000

639
0010000000
0000000000
0111000000
0000000000

640
0001000000
0000000000
0011100000
0000000000

641
0000100000
0000000000
0001110000
0000000000

642
0000010000
0000000000
0000111000
0000000000

643
0000001000
0000000000
0000011100
0000000000

644
0000000100
0000000000
0000001110
0000000000

645
0000000010
0000000000
0000000111
0000000000

646
0100000000
0000000000
0000000000
1110000000

647
0010000000
0000000000
0000000000
0111000000

648
0001000000
0000000000
0000000000
0011100000

649
0000100000
0000000000
0000000000
0001110000

650
0000010000
0000000000
0000000000
0000111000

651
0000001000
0000000000
0000000000
0000011100

652
0000000100
0000000000
0000000000
0000001110

653
0000000010
0000000000
0000000000
0000000111

654
0000000000
0100000000
0000000000
1110000000

655
0000000000
0010000000
0000000000
0111000000

656
0000000000
0001000000
0000000000
0011100000

657
0000000000
0000100000
0000000000
0001110000

658
0000000000
0000010000
0000000000
0000111000

659
0000000000
0000001000
0000000000
0000011100

660
0000000000
0000000100
0000000000
0000001110

661
0000000000
0000000010
0000000000
0000000111

662
1000000000
0000000000
1100000000
1000000000

663
0100000000
0000000000
0110000000
0100000000

664
0010000000
0000000000
0011000000
0010000000

665
0001000000
0000000000
0001100000
0001000000

666
0000100000
0000000000
0000110000
0000100000

667
0000010000
0000000000
0000011000
0000010000

668
0000001000
0000000000
0000001100
0000001000

669
0000000100
0000000000
0000000110
0000000100

670
0000000010
0000000000
0000000011
0000000010

671
1000000000
1100000000
0000000000
1000000000

672
0100000000
0110000000
0000000000
0100000000

673
0010000000
0011000000
0000000000
0010000000

674
0001000000
0001100000
0000000000
0001000000

675
0000100000
0000110000
0000000000
0000100000

676
0000010000
0000011000
0000000000
0000010000

677
0000001000
0000001100
0000000000
0000001000

678
0000000100
0000000110
0000000000
0000000100

679
0000000010
0000000011
0000000000
0000000010

680
1110000000
0000000000
0100000000
0000000000

681
0111000000
0000000000
0010000000
0000000000

682
0011100000
0000000000
0001000000
0000000000

683
0001110000
0000000000
0000100000
0000000000

684
0000111000
0000000000
0000010000
0000000000

685
0000011100
0000000000
0000001000
0000000000

686
0000001110
0000000000
0000000100
0000000000

687
0000000111
0000000000
0000000010
0000000000

688
1110000000
0000000000
0000000000
0100000000

689
0111000000
0000000000
0000000000
0010000000

690
0011100000
0000000000
0000000000
0001000000

691
0001110000
0000000000
0000000000
0000100000

692
0000111000
0000000000
0000000000
0000010000

693
0000011100
0000000000
0000000000
0000001000

694
0000001110
0000000000
0000000000
0000000100

695
0000000111
0000000000
0000000000
0000000010

696
0000000000
1110000000
0000000000
0100000000

697
0000000000
0111000000
0000000000
0010000000

698
0000000000
0011100000
0000000000
0001000000

699
0000000000
0001110000
0000000000
0000100000

700
0000000000
0000111000
0000000000
0000010000

701
0000000000
0000011100
0000000000
0000001000

702
0000000000
0000001110
0000000000
0000000100

703
0000000000
0000000111
0000000000
0000000010

704
0100000000
0000000000
1100000000
0100000000

705
0010000000
0000000000
0110000000
0010000000

706
0001000000
0000000000
0011000000
0001000000

707
0000100000
0000000000
0001100000
0000100000

708
0000010000
0000000000
0000110000
0000010000

709
0000001000
0000000000
0000011000
0000001000

710
0000000100
0000000000
0000001100
0000000100

711
0000000010
0000000000
0000000110
0000000010

712
0000000001
0000000000
0000000011
0000000001

713
0100000000
1100000000
0000000000
0100000000

714
0010000000
0110000000
0000000000
0010000000

715
0001000000
0011000000
0000000000
0001000000

716
0000100000
0001100000
0000000000
0000100000

717
0000010000
0000110000
0000000000
0000010000

718
0000001000
0000011000
0000000000
0000001000

719
0000000100
0000001100
0000000000
0000000100

720
0000000010
0000000110
0000000000
0000000010

721
0000000001
0000000011
0000000000
0000000001

722
1100000000
0000000000
0110000000
0000000000

723
0110000000
0000000000
0011000000
0000000000

724
0011000000
0000000000
0001100000
0000000000

725
0001100000
0000000000
0000110000
0000000000

726
0000110000
0000000000
0000011000
0000000000

727
0000011000
0000000000
0000001100
0000000000

728
0000001100
0000000000
0000000110
0000000000

729
0000000110
0000000000
0000000011
0000000000

730
1100000000
0000000000
0000000000
0110000000

731
0110000000
0000000000
0000000000
0011000000

732
0011000000
0000000000
0000000000
0001100000

733
0001100000
0000000000
0000000000
0000110000

734
0000110000
0000000000
0000000000
0000011000

735
0000011000
0000000000
0000000000
0000001100

736
0000001100
0000000000
0000000000
0000000110

737
0000000110
0000000000
0000000000
0000000011

738
0000000000
1100000000
0000000000
0110000000

739
0000000000
0110000000
0000000000
0011000000

740
0000000000
0011000000
0000000000
0001100000

741
0000000000
0001100000
0000000000
0000110000

742
0000000000
0000110000
0000000000
0000011000

743
0000000000
0000011000
0000000000
0000001100

744
0000000000
0000001100
0000000000
0000000110

745
0000000000
0000000110
0000000000
0000000011

746
0100000000
0000000000
1100000000
1000000000

747
0010000000
0000000000
0110000000
0100000000

748
0001000000
0000000000
0011000000
0010000000

749
0000100000
0000000000
0001100000
0001000000

750
0000010000
0000000000
0000110000
0000100000

751
0000001000
0000000000
0000011000
0000010000

752
0000000100
0000000000
0000001100
0000001000

753
0000000010
0000000000
0000000110
0000000100

754
0000000001
0000000000
0000000011
0000000010

755
0100000000
1100000000
0000000000
1000000000

756
0010000000
0110000000
0000000000
0100000000

757
0001000000
0011000000
0000000000
0010000000

758
0000100000
0001100000
0000000000
0001000000

759
0000010000
0000110000
0000000000
0000100000

760
0000001000
0000011000
0000000000
0000010000

761
0000000100
0000001100
0000000000
0000001000

762
0000000010
0000000110
0000000000
0000000100

763
0000000001
0000000011
0000000000
0000000010
